None

                age     height_cm     weight_kg    body fat_%     diastolic      systolic     gripForce  sit and bend forward_cm  sit-ups counts  broad jump_cm
count  13393.000000  13393.000000  13393.000000  13393.000000  13393.000000  13393.000000  13393.000000             13393.000000    13393.000000   13393.000000
mean      36.775106    168.559807     67.447316     23.240165     78.796842    130.234817     36.963877                15.209268       39.771224     190.129627
std       13.625639      8.426583     11.949666      7.256844     10.742033     14.713954     10.624864                 8.456677       14.276698      39.868000
min       21.000000    125.000000     26.300000      3.000000      0.000000      0.000000      0.000000               -25.000000        0.000000       0.000000
25%       25.000000    162.400000     58.200000     18.000000     71.000000    120.000000     27.500000                10.900000       30.000000     162.000000
50%       32.000000    169.200000     67.400000     22.800000     79.000000    130.000000     37.900000                16.200000       41.000000     193.000000
75%       48.000000    174.800000     75.300000     28.000000     86.000000    141.000000     45.200000                20.700000       50.000000     221.000000
max       64.000000    193.800000    138.100000     78.400000    156.200000    201.000000     70.500000               213.000000       80.000000     303.000000